E|401005107|807931407|19/01/2025|01/2025
D|42998967637|890158779186|75986.88
D|001234567801|510157288225|99812.2
D|001234567812|770240832302|29574.78
D|001234567823|944603743025|72197.34
D|001234567834|803475228852|79661.62
D|001234567845|730706291642|53035.56
D|001234567856|526769025827|69371.71
D|001234567867|273878858024|55142.25
D|001234567878|138204657571|45409.17
D|001234567889|896766635447|28654.51
D|001234567890|154409289009|48008.81
D|001234567901|19289326167|62313.59
D|001234567912|515627504637|90279.69
D|001234567923|409904816804|89888.99
D|001234567934|721889373832|46986.76
D|001234567945|182099189954|52228.93
D|001234567956|167519782557|90133.14
D|001234567967|526881347327|60157.97
D|001234567978|31453547433|46198.94
D|001234567989|391378046140|20574.49
S|20|1215617.33